-1 0.01 0.0177828 0.0316228 0.0562341 0.1 0.177828 
0.01 0 0 0 0 0 0 
0.0177828 0 0 0 8.3411e-09 6.87532e-07 1.31374e-05 
0.0316228 1.93647e-05 3.62161e-05 7.03934e-05 0.000146275 0.000340191 0.000947171 
0.0562341 0.000210458 0.000386432 0.000727474 0.00143159 0.00304685 0.00742876 
0.1 0.00118984 0.00217543 0.00406452 0.00789265 0.0164103 0.0384307 
0.177828 0.00527672 0.00961808 0.0178708 0.034352 0.0700897 0.158383 
0.316228 0.018425 0.0334633 0.0617727 0.117337 0.234184 0.507704 
0.562341 0.0484947 0.0877122 0.160716 0.301199 0.586549 1.21565 
1 0.0937648 0.16889 0.307182 0.568154 1.08081 2.15024 
1.77828 0.137954 0.247714 0.44809 0.820888 1.53616 2.9743 
